7960
8967
7361
7020
0863
9043
7714
4677
2661
1493
5272
5689
5112
8282
9312
6438
5592
7735
0057
9154
0317
3516
2667
4029
1859
0419
0788
0328
4912
1185
5186
3540
2112
4099
4439
3173
2401
9950
2380
0167
6452
7161
3670
9744
4355
8763
8539
8565
2342
8121
2439
4199
4124
5267
2123
4502
8097
4524
9552
4663
3908
9702
3617
1647
7983
6107
5496
6885
1280
4197
5406
0050
8871
6596
8448
0113
8803
5466
2409
1131
4399
0724
5949
3765
6611
9105
8613
4918
6314
4152
3522
6289
7351
9882
5043
1140
5466
6003
5648
7953
1674
0212
4548
5969
2626
6022
6837
6063
9044
4737
4017
4136
1729
2712
0565
4666
6927
2164
4673
6488
2655
8231
9646
5657
5921
1044
3767
9911
6055
8436
7531
5207
2463
7367
4034
2184
8373
8732
7936
4871
8958
5114
7873
5011
6414
1085
9658
8908
6954
8249
5875
2606
6789
7595
0184
8256
0630
4112
1106
2564
5414
8822
5642
9011
1650
9770
8998
7513
1093
2346
0858
3401
6381
9579
2447
8113
0531
2964
9177
5152
1280
2040
8103
4193
2020
5760
0795
1832
7006
6577
7265
3073
6711
5487
7000
7961
7116
3675
7279
8033
6573
2072
3526
4171
2250
4117
2694
6746
1912
7473
2064
4603
7611
0046
7516
1101
1133
2287
5120
9753
1691
2306
4946
1317
8362
5853
2443
5744
1023
6994
2777
7164
2081
1685
7195
6087
1535
3412
0969
1975
4272
0767
6438
3878
5694
0863
9266
3104
1738
7519
2923
0610
7363
6098
7836
5522
4289
0508
9090
6758
8612
1016
9349
9697
3622
6546
7555
5079
3938
4421
3776
0897
0377
2264
6218
7911
0418
0057
3132
5961
3054
9848
1399
7639
1768
3783
5953
6374
4693
8790
3622
7656
0342
7827
1815
3854
8349
0916
5636
8009
6241
2231
3180
9303
7756
8030
1778
5098
2597
8445
2756
3143
7761
0539
9288
5895
7504
6539
8835
8962
6046
9847
4998
3427
8955
1842
8782
6614
2728
8346
8653
4787
0644
1832
3355
3356
9748
1001
3305
0168
9595
5344
0804
8368
8912
8556
8524
4966
7355
1564
8734
3774
6977
1354
0280
8065
2516
5001
0486
5809
1515
0789
9521
5570
6519
5496
4855
6325
8414
3484
3312
0422
4147
2703
0201
1211
5992
4352
0410
9497
0676
5272
3884
3699
5384
9057
1313
4505
2221
9987
1310
3665
4257
7576
1530
1164
6205
2993
0689
0456
7673
5109
2591
1393
2133
1406
0572
4504
6289
8527
2966
1028
9672
5849
0350
7558
8734
7112
5973
2896
2085
9052
8143
8623
1651
1495
0084
3735
7836
9054
3279
1719
8474
8305
9147
0975
1459
8964
9423
7579
9591
0355
9545
7081
4236
1211
3844
1948
6387
4884
3597
3795
5301
0409
6002
4107
3744
0005
2889
4225
7346
9175
4831
6638
9912
0614
8532
4914
8069
2169
6817
3418
6780
9477
8146
9885
5808
4071
1623
4436
1103
7276
8823
5388
5262
4359
7925
0768
9940
5223
0775
3859
8353
6771
8047
7378
2123
2905
1815
9302
3329
6949
0682
9785
7323
5824
8692
8624
3581
8834
5777
3495
8265
9055
0984
7162
4813
4379
1273
9968
4695
9746
8139
4699
6106
5976
5295
0650
8321
3260
2284
7671
9804
3625
6540
5414
4587
8024
9743
0751
4173
9086
5670
8021
9056
6808
5625
7940
0676
3959
0279
7218
7223
8855
2674
4426
9972
6111
1508
7946
8529
0393
3191
3846
5605
0838
2590
0065
1760
0170
2218
6765
3611
0991
4627
5427
8749
2592
2902
5267
5672
6158
9426
9591
1234
3604
2315
2102
5809
1889
1541
5625
9464
0283
0537
5881
1860
8556
7830
7383
8118
0674
3934
1338
2347
1804
0772
6585
9434
2942
4741
8532
2547
0861
8165
1077
4051
7529
7801
7675
4686
5273
5888
9800
0204
3592
3831
5836
6449
0245
8447
4844
4200
8287
8913
9684
0625
7654
2406
9008
2081
8035
5664
1726
8090
8805
9386
7702
6497
5228
4808
0885
1178
0793
6327
7254
0042
3213
6264
4116
2597
6976
9029
7464
3230
4395
8448
9597
5989
6349
0145
0681
4296
2158
8825
8188
2048
4451
1862
8047
3458
7023
8425
4898
7780
3085
3252
0004
1483
1583
0107
4665
6868
4107
3665
7544
9312
6892
7545
4673
0837
1198
9805
9580
9954
3703
9544
3995
9442
1875
8552
5106
6246
5110
4416
0199
0482
8860
3963
6259
8263
9028
0587
1434
5196
1597
6425
2398
7915
6963
7860
9051
3828
7322
7066
7932
8840
5153
3757
2608
6909
5630
8136
9592
3607
4833
9740
7601
9400
1845
4082
2543
6962
2408
6250
8455
6304
0709
7952
2793
7154
7204
6146
8348
7272
2034
3229
8345
4291
8037
6195
2598
4430
7133
8082
2472
2953
9810
7810
5650
6981
3256
3777
3079
1194
8812
0675
0953
1657
1318
3208
4587
6159
5898
2040
4923
4884
3977
9574
8379
5423
1333
8557
1633
5816
9124
8525
5407
5303
2283
0371
9332
7091
2615
7977
4252
8687
4369
7875
7480
9054
1767
5859
8574
8392
0789
3854
8907
2328
9679
6536
3434
5923
5425
8040
5572
5486
3329
2137
7703
9352
1389
8032
3957
8191
7771
4558
6859
0524
6263
8119
1110
4687
7479
5372
2466
1127
4893
0573
4294
5200
8718
6690
4450
6057
4626
3132
2654
2882
6799
3171
1385
5950
8642
2420
1216
8887
8729
0622
3159
3567
4897
2715
6737
8018
4497
9203
5594
4926
9625
0843
9420
5105
2378
3992
7696
7732
0462
5226
8823
8296
1865
2023
6927
8418
4186
0900
9635
7077
4531
3923
3058
9732
6890
4128
1153
3786
4626
6633
1743
7288
8338
4569
5659
8112
7197
1899
5515
5145
1603
5363
1966
6785
1381
3982
9044
4146
9232
2104
2859
9519
5846
0961
7302
2277
5569
6695
3946
7620
2854
4766
1453
4373
7479
5928
0408
1116
2275
9045
5813
0977
1314
8666
7861
5190
3548
5271
6621
1129
0909
2588
1699
1170
0489
0589
8871
5189
1833
2874
7912
6883
1038
2760
7948
1798
2253
4969
4477
4007
6057
1281
8903
1510
9936
0204
1949
7557
0790
8792
9612
7814
2938
2817
0653
2714
0148
1760
4917
6545
4025
6990
6643
4690
7591
2057
2234
7539
9616
3927
5160
1088
1415
9293
2696
